2024-10-17 13:04:15 
RMSE: 2.8769653334425764
MAE: 2.6105003322099374 

2024-10-21 10:04:15
RMSE: 2.8774633223808266
MAE: 2.6084282274368435


2024-10-21 13:37:15
RMSE: 2.878712619583903
MAE: 2.611337600967475

2024-10-21 23:17:15
RMSE: 2.8740662675274886
MAE: 2.60694156747895